22:17516684-17516684 22:17807765-17807765 20364 24326 187857 223280 20414.3161550325 24275.6838449675 187806.683844968 223330.316155033 0.2531235 0.9685893 1.210063 secs
22:17516684-17516684 22:17894083-17894083 22946 18518 217946 162670 23664.579909022 17799.420090978 217227.420090978 163388.579909022 56.36693 3.507821e-12 0.9144189 secs
22:17516684-17516684 22:18119097-18119097 13580 7102 125846 66088 13562.5189637657 7119.48103623434 125863.481036234 66070.5189637657 0.07250738 0.9949188 0.8297794 secs
22:17516684-17516684 22:18217833-18217833 14116 32657 129965 300016 14135.3834744963 32637.6165255037 129945.616525504 300035.383474496 0.04223549 0.9977205 0.8814516 secs
22:17516684-17516684 22:19928806-19928806 15845 30963 145722 284481 15854.2007123525 30953.7992876475 145712.799287647 284490.200712353 0.008952816 0.9997753 0.910327 secs
22:17516684-17516684 22:20363673-20363673 1306 31453 12217 290166 1321.82763425652 31437.1723657435 12201.1723657435 290181.827634257 0.2188849 0.9744845 0.8660128 secs
22:17516684-17516684 22:21190377-21190377 6955 40012 63051 368763 6867.38154187405 40099.618458126 63138.6184581259 368675.381541874 1.451753 0.6934496 0.9234114 secs
22:17516684-17516684 22:22401006-22401006 13959 31736 127629 292615 13885.6452454077 31809.3547545923 127702.354754592 292541.645245408 0.6172084 0.8924818 0.9405446 secs
22:17516684-17516684 22:22715293-22715293 18127 25833 167067 236767 18180.5210431582 25779.4789568418 167013.478956842 236820.521043158 0.2979214 0.9604189 0.87728 secs
22:17807765-17807765 22:17894083-17894083 105923 81663 126899 93481 107053.400753984 80532.5992460156 125768.599246016 94611.4007539844 51.4689 3.886755e-11 0.9440582 secs
22:17807765-17807765 22:18119097-18119097 62925 31325 71870 39479 61792.269174461 32457.730825539 73002.730825539 38346.269174461 111.3313 5.673088e-24 0.8012602 secs
22:17807765-17807765 22:18217833-18217833 64010 146775 75049 174316 63699.9919917418 147085.008008258 75359.0080082582 174005.991991742 3.989713 0.2625771 0.9360564 secs
22:17807765-17807765 22:19928806-19928806 70927 139943 84918 164551 71388.7703409878 139481.229659012 84456.2296590122 165012.770340988 8.332635 0.03961482 1.013708 secs
22:17807765-17807765 22:20363673-20363673 6070 142408 6935 167742 5975.32574151723 142502.674258483 7029.67425848277 167647.325741517 2.891455 0.4086652 0.8498516 secs
22:17807765-17807765 22:21190377-21190377 30760 181000 36831 213446 30978.1904046646 180781.809595335 36612.8095953354 213664.190404665 3.323229 0.3444227 0.987551 secs
22:17807765-17807765 22:22401006-22401006 63175 142308 73206 171012 62316.9106206124 143166.089379388 74064.0893793876 170153.910620612 31.22778 7.611648e-07 1.132501 secs
22:17807765-17807765 22:22715293-22715293 83119 114824 95826 138538 81934.6208481473 116008.379151853 97010.3791518527 137353.620848147 53.88479 1.187369e-11 0.8997834 secs
22:17894083-17894083 22:18119097-18119097 71934 36418 53717 29310 71139.1383171612 37212.8616828388 54511.8616828388 28515.1383171612 59.60646 7.133778e-13 0.8061633 secs
22:17894083-17894083 22:18217833-18217833 76650 166195 51967 131493 73266.781682129 169578.218317871 55350.218317871 128109.781682129 519.8656 2.362334e-112 0.8803248 secs
22:17894083-17894083 22:19928806-19928806 83052 159924 61744 121841 82478.1283239677 160497.871676032 62317.8716760323 121267.128323968 14.04523 0.00284423 0.9692943 secs
22:17894083-17894083 22:20363673-20363673 6837 164268 5275 123499 6910.86658285509 164194.133417145 5201.13341714492 123572.866582855 1.91596 0.5900314 0.8336368 secs
22:17894083-17894083 22:21190377-21190377 35920 207842 26509 157826 35547.5929473928 208214.407052607 26881.4070526072 157453.592947393 10.60755 0.01404878 0.9077396 secs
22:17894083-17894083 22:22401006-22401006 71285 166370 55123 123668 72137.7879484975 165517.212051502 54270.2120515025 124520.787948498 33.71601 2.274426e-07 0.9156132 secs
22:17894083-17894083 22:22715293-22715293 93630 134683 72606 99696 94738.9385519763 133574.061448024 71497.0614480237 100804.938551976 51.586 3.66974e-11 0.8890762 secs
22:18119097-18119097 22:18217833-18217833 49263 91861 20089 53968 45483.7167222013 95640.2832777987 23868.2832777987 50188.7167222013 1346.359 1.284604e-291 0.9207203 secs
22:18119097-18119097 22:19928806-19928806 47751 93225 25154 48780 47823.9973942581 93152.0026057419 25081.0026057419 48852.9973942581 0.4901559 0.9210487 0.8245671 secs
22:18119097-18119097 22:20363673-20363673 3967 95274 2173 50141 4020.58487017914 95220.4151298208 2119.41512982086 50194.5848701791 2.156297 0.5406078 0.8136964 secs
22:18119097-18119097 22:21190377-21190377 20676 120805 10782 63391 20638.19496972 120842.80503028 10819.80503028 63353.19496972 0.2357309 0.9716249 0.8765373 secs
22:18119097-18119097 22:22401006-22401006 41858 95756 21863 50438 41773.5830883929 95840.4169116071 21947.4169116071 50353.5830883929 0.7111649 0.8705748 0.8492179 secs
22:18119097-18119097 22:22715293-22715293 55112 77392 28740 40648 55033.0147207418 77470.9852792582 28818.9852792582 40569.0147207418 0.5641488 0.9045883 0.8610532 secs
22:18217833-18217833 22:19928806-19928806 49521 95686 113141 223423 49026.7389153768 96180.2610846232 113635.261084623 222928.738915377 10.76848 0.01304598 1.189847 secs
22:18217833-18217833 22:20363673-20363673 4123 97748 9533 227150 4109.09449009611 97761.9055099039 9546.90550990389 227136.094490096 0.0701406 0.9951621 0.838484 secs
22:18217833-18217833 22:21190377-21190377 21467 124171 49195 288796 21278.8570495152 124359.142950485 49383.1429504848 288607.857049515 2.787609 0.4255438 0.9095299 secs
22:18217833-18217833 22:22401006-22401006 41511 100958 102084 225619 43511.3874390648 98957.6125609351 100083.612560935 227619.387439065 189.9647 6.212162e-41 0.8972921 secs
22:18217833-18217833 22:22715293-22715293 55790 80976 131969 183457 56787.929450322 79978.070549678 130971.070549678 184454.929450322 42.99087 2.472009e-09 0.8997927 secs
22:19928806-19928806 22:20363673-20363673 4968 109146 8697 215859 4604.38719107095 109509.612808929 9060.61280892905 215495.387191071 45.12791 8.691267e-10 0.8654027 secs
22:19928806-19928806 22:21190377-21190377 24293 139057 46373 274124 23857.3166724192 139492.683327581 46808.6833275808 273688.316672419 14.06605 0.002816615 0.8845088 secs
22:19928806-19928806 22:22401006-22401006 47404 112263 96144 214654 48717.4997417449 110949.500258255 94830.5002582551 215967.499741745 77.14609 1.256205e-16 0.9458532 secs
22:19928806-19928806 22:22715293-22715293 62953 90319 124873 174301 63628.5140591363 89643.4859408637 124197.485940864 174976.514059136 18.54402 0.0003396439 0.8780766 secs
22:20363673-20363673 22:21190377-21190377 1882 11827 48059 278192 2013.88742499118 11695.1125750088 47927.1125750088 278323.887424991 10.54991 0.0144261 0.8926706 secs
22:20363673-20363673 22:22401006-22401006 4090 9285 96606 220409 4076.42180453404 9298.57819546597 96619.578195466 220395.421804534 0.06779994 0.9953991 0.8564513 secs
22:20363673-20363673 22:22715293-22715293 5367 7495 126546 178498 5337.0021515794 7524.9978484206 126575.997848421 178468.002151579 0.3003455 0.9599635 0.8558798 secs
22:21190377-21190377 22:22401006-22401006 20751 48153 123458 279810 21044.4010572419 47859.5989427581 123164.598942758 280103.401057242 6.895545 0.07530267 0.8919284 secs
22:21190377-21190377 22:22715293-22715293 28142 38381 160427 227153 27624.0755665565 38898.9244334435 160944.924433444 226635.075566556 19.45684 0.0002199314 0.9743233 secs
22:22401006-22401006 22:22715293-22715293 58502 75180 124215 184022 55272.5137276288 78409.4862723712 127444.486272371 180792.513727629 461.2325 1.200809e-99 0.9354408 secs
